87
181
103
105
109
155
152
203
205
208
210
255
256
255
298
307
310
401
0
750
776
801
812
815
816
847
878
886
889
899
943
956
957
1020
1032
1040
1087
1088
1122
1136
1174
1233
1254
0
750
776
801
812
815
816
847
878
886
889
899
943
956
957
1020
1032
1040
1087
1088
1122
1136
1174
1233
1254
0
750
776
801
812
815
816
847
878
886
889
899
943
956
957
1020
1032
1040
1087
1088
1122
1136
1174
1233
1254
0
750
776
801
812
815
816
847
878
886
889
899
943
956
957
1020
1032
1040
1087
1088
1122
1136
1174
1233
1254
87
181
103
105
109
155
152
203
205
208
210
255
256
255
298
307
310
401
0
750
776
801
812
815
816
847
878
886
889
899
943
956
957
1020
1032
1040
1087
1088
1122
1136
1174
1233
1254
103
105
109
155
152
203
205
208
210
103
105
109
155
152
203
205
208
210
255
256
255
298
307
310
401
116
119
120
157
163
198
203
205
242
243
248
283
290
315
431
446
0
750
801
812
815
816
834
878
885
886
889
943
956
957
1020
1032
1040
1087
1088
1121
1136
1174
1192
1233
1254
1320
82
122
155
154
166
190
212
134
188
227
244
319
336
342
378
387
413
483
489
535
547
566
598
602
604
625
638
656
134
188
227
244
319
336
342
378
387
413
445
483
489
535
547
566
598
602
604
625
638
656
134
188
227
244
319
336
387
413
483
489
535
547
566
598
602
604
625
638
656
134
188
227
244
319
336
342
378
387
413
445
483
489
535
547
566
598
602
604
625
638
656
60
88
181
48
48
31
31
39
58
80
86
91
122
127
145
168
191
234
255
266
272
31
31
39
58
80
86
91
122
127
145
168
191
234
255
266
272
31
31
39
58
80
86
91
122
127
145
168
191
234
255
266
272
148
278
285
319
362
509
609
617
41
41
42
49
66
86
116
120
171
209
109
229
315
329
338
366
412
417
491
507
521
532
572
595
604
608
624
637
638
643
663
694
818
1020
1051
36
36
47
66
94
130
135
176
198
242
273
280
57
59
63
88
107
134
140
139
163
177
199
219
239
267
57
59
63
88
107
134
140
139
57
59
63
88
107
134
140
139
163
177
199
219
239
267
29
69
101
29
69
101
221
36
47
66
94
130
135
176
198
242
273
280
57
59
63
88
107
134
140
139
163
177
199
219
239
267
57
59
63
88
107
134
140
139
163
177
199
219
239
267
57
59
63
88
107
134
140
139
163
177
199
219
239
267
57
59
63
88
107
134
140
57
59
63
88
107
134
140
139
163
177
199
219
239
267
57
59
63
88
107
134
140
139
163
57
59
63
88
107
134
140
139
163
57
59
63
88
107
134
140
139
163
57
59
63
88
107
134
140
139
163
177
199
219
239
57
59
63
88
107
57
59
63
88
107
134
140
139
163
177
199
219
239
267
57
59
63
88
107
134
140
139
163
177
29
69
101
221
492
492
492
492
492
530
525
569
594
611
649
668
669
680
717
732
772
850
888
898
949
949
134
188
227
244
319
336
342
378
387
413
483
489
535
547
566
598
602
604
625
638
656
492
530
525
569
594
611
649
668
669
680
717
732
772
850
888
898
949
949
0
23
23
28
35
49
57
60
53
78
100
94
113
103
0
0
0
45
81
83
83
97
114
119
131
131
136
142
152
153
165
174
179
205
225
246
250
263
276
297
307
318
319
323
345
371
374
377
411
435
475
494
511
526
553
562
569
565
587
615
667
671
687
729
763
783
783
789
815
834
843
853
860
869
889
889
900
928
931
936
961
1017
1019
1043
1047
1083
1118
1134
1140
1137
1158
1175
31
31
39
58
80
86
91
122
127
145
168
191
234
255
266
272
31
31
39
58
80
86
91
122
127
145
168
191
234
255
266
272
22
78
90
116
149
153
144
199
206
242
260
289
297
348
22
78
90
116
149
153
144
199
206
242
260
289
297
348
353
358
390
394
401
448
426
41
42
49
66
86
116
120
171
209
31
31
39
58
80
86
91
122
127
145
168
191
234
255
266
272
109
229
315
329
338
366
412
417
491
507
521
532
572
595
604
608
624
637
638
643
663
694
818
1020
1051
29
69
101
221
57
59
63
88
107
134
140
139
163
177
199
219
239
267
57
57
59
63
88
107
134
140
139
163
177
199
219
239
267
57
59
63
88
107
134
140
139
163
177
199
219
239
267
57
59
63
88
107
134
140
139
163
177
199
219
239
267
57
59
63
88
107
134
140
139
163
177
199
219
239
267
29
69
101
221
41
42
49
66
86
116
120
171
209
35
70
102
66
162
160
109
229
315
329
338
366
412
417
491
507
521
532
33
57
126
155
168
195
258
33
57
109
229
315
329
338
366
412
417
491
507
521
532
572
595
604
608
624
637
638
643
663
694
818
1020
1051
148
278
285
319
362
509
609
617
29
69
101
221
1
278
285
319
362
508
609
617
93
130
215
93
130
215
93
130
215
